 2452171.85293  19.287  0.080
 2452183.81230  19.695  0.163
 2452184.81184  19.745  0.136
 2452188.86239  19.860  0.174
 2452191.77255  19.636  0.077
 2452200.79366  19.893  0.106
 2452206.72879  19.833  0.159
 2452223.71754  19.829  0.129
 2452226.69366  19.732  0.135
 2452228.73741  19.484  0.085
 2452230.64896  19.886  0.122
 2452232.67073  19.899  0.127
 2452234.66350  19.659  0.101
 2452238.60796  19.904  0.149
 2452240.73449  19.846  0.129
 2452244.79615  19.833  0.163
 2452249.66442  19.877  0.141
 2452252.62788  19.988  0.147
 2452253.65230  19.949  0.114
 2452256.65687  19.764  0.124
 2452259.65142  19.631  0.083
 2452262.65663  19.967  0.150
 2452264.64032  19.766  0.118
 2452269.71776  19.613  0.101
 2452272.62253  19.932  0.121
 2452276.63329  19.967  0.146
 2452279.62777  19.839  0.091
 2452281.67519  19.935  0.104
 2452283.71082  19.806  0.092
 2452288.69635  20.027  0.122
 2452290.73420  19.665  0.095
 2452292.70435  19.984  0.168
 2452294.67506  19.734  0.119
 2452296.69399  19.752  0.150
 2452298.71554  19.958  0.135
 2452300.66719  19.705  0.115
 2452302.64082  19.755  0.104
 2452304.64547  19.963  0.215
 2452315.56879  19.887  0.145
 2452322.54666  19.865  0.124
 2452325.56035  19.871  0.154
 2452330.56905  19.680  0.122
 2452337.52088  19.819  0.144
 2452343.51690  19.930  0.150
 2452353.51110  19.643  0.136
 2452370.51582  19.612  0.135
 2452403.49440  19.604  0.172
 2452518.92031  19.821  0.145
 2452526.84999  19.817  0.100
 2452540.85817  19.781  0.190
 2452544.77832  19.698  0.131
 2452550.89616  19.977  0.264
 2452554.86148  19.944  0.117
 2452554.86574  19.998  0.128
 2452558.87255  19.993  0.147
 2452562.89345  19.545  0.146
 2452571.81855  19.819  0.138
 2452577.75724  20.002  0.156
 2452580.78599  19.848  0.106
 2452588.82316  19.967  0.123
 2452593.81230  19.843  0.122
 2452599.73218  19.813  0.151
 2452607.69040  19.814  0.124
 2452617.67969  20.020  0.167
 2452620.62320  19.729  0.132
 2452622.79898  19.946  0.147
 2452624.79362  19.602  0.149
 2452626.60687  19.545  0.118
 2452631.78763  19.957  0.196
 2452637.59559  19.612  0.085
 2452640.63523  19.622  0.112
 2452642.63346  19.707  0.089
 2452644.62368  19.733  0.119
 2452649.64694  19.611  0.078
 2452651.69578  19.577  0.087
 2452656.72667  20.024  0.242
 2452658.71248  19.750  0.168
 2452661.72779  19.678  0.131
 2452663.63148  19.720  0.114
 2452665.66100  20.050  0.128
 2452667.62194  19.945  0.117
 2452669.66409  19.866  0.137
 2452671.59241  19.814  0.094
 2452673.59946  19.905  0.150
 2452675.59904  19.733  0.110
 2452677.59689  19.736  0.123
 2452679.62380  19.733  0.129
 2452681.64529  19.559  0.150
 2452685.58494  19.959  0.190
 2452694.53691  19.695  0.101
 2452698.59871  19.674  0.138
 2452704.58126  19.617  0.187
 2452711.53645  19.656  0.123
 2452731.49051  19.870  0.151
 2452879.88339  19.696  0.106
 2452884.82929  19.654  0.095
 2452888.86200  19.688  0.085
 2452893.85338  19.706  0.142
 2452897.81500  19.997  0.213
 2452903.86096  19.664  0.086
 2452906.80964  19.770  0.154
 2452910.78278  19.602  0.105
 2452915.78676  19.612  0.083
 2452924.87833  19.861  0.136
 2452929.87606  19.978  0.129
 2452932.84418  19.973  0.159
 2452941.82063  19.644  0.078
 2452943.69534  19.685  0.136
 2452946.72208  19.845  0.163
 2452952.69667  19.652  0.117
 2452955.75833  20.030  0.174
 2452957.69087  19.958  0.136
 2452960.71181  20.026  0.136
 2452963.69855  19.676  0.112
 2452966.66405  19.880  0.167
 2452968.82705  19.782  0.092
 2452971.83440  19.816  0.097
 2452975.63267  20.069  0.155
 2452983.66854  19.762  0.133
 2452985.84960  20.006  0.149
 2452988.61328  19.893  0.122
 2452990.80464  19.805  0.112
 2452994.73103  19.752  0.085
 2452997.61397  19.918  0.109
 2452999.63357  19.774  0.105
 2453001.61147  19.714  0.089
 2453003.64045  19.779  0.128
 2453005.66986  19.702  0.173
 2453007.62248  19.958  0.113
 2453009.62026  19.958  0.158
 2453011.65250  19.846  0.142
 2453013.62797  19.633  0.096
 2453016.62845  19.735  0.103
 2453018.61358  20.035  0.160
 2453020.65472  19.883  0.077
 2453022.68670  19.954  0.100
 2453024.66876  19.557  0.106
 2453026.63784  19.781  0.076
 2453028.64322  19.638  0.072
 2453030.67854  19.699  0.081
 2453032.78229  19.920  0.100
 2453035.60691  19.758  0.092
 2453037.61365  19.688  0.082
 2453040.58495  19.960  0.172
 2453042.57301  19.680  0.118
 2453045.58188  19.624  0.071
 2453047.53370  19.848  0.140
 2453049.53923  20.085  0.145
 2453051.53282  19.715  0.096
 2453053.52533  19.890  0.121
 2453055.52809  19.573  0.087
 2453057.52347  19.822  0.110
 2453059.52603  19.669  0.172
 2453060.51964  19.797  0.117
 2453061.52075  19.545  0.092
 2453064.53319  19.698  0.127
 2453067.53079  19.916  0.113
 2453069.51510  19.634  0.095
 2453072.50953  19.753  0.122
 2453075.51476  19.883  0.137
 2453077.59995  19.907  0.140
 2453081.59116  19.806  0.096
 2453083.59826  19.573  0.127
 2453086.53412  19.797  0.154
 2453089.52147  19.664  0.095
 2453092.50411  20.025  0.250
 2453098.50118  19.643  0.127
 2453101.52267  19.664  0.132
 2453104.49412  20.130  0.183
 2453108.49117  19.998  0.145
 2453112.48648  20.221  0.250
 2453115.51318  20.046  0.185
 2453123.49205  19.523  0.137
 2453132.49218  20.183  0.297
 2453230.86448  19.820  0.091
 2453246.88031  19.927  0.135
 2453251.91115  19.731  0.092
 2453254.86805  19.773  0.154
 2453261.90093  19.995  0.123
 2453272.88059  19.609  0.097
 2453275.87947  19.601  0.167
 2453280.87901  19.811  0.101
 2453283.81931  19.808  0.100
 2453294.73894  19.734  0.090
 2453298.76847  19.755  0.091
 2453300.82434  20.107  0.138
 2453306.73311  19.886  0.121
 2453308.74971  19.606  0.117
 2453310.78220  19.819  0.103
 2453314.70340  19.665  0.123
 2453328.83323  19.617  0.067
 2453335.83722  19.716  0.144
 2453336.70142  19.662  0.119
 2453340.82264  19.766  0.119
 2453349.64541  19.830  0.097
 2453353.63823  19.923  0.097
 2453356.63188  19.820  0.094
 2453360.64512  19.874  0.119
 2453369.66373  19.827  0.103
 2453377.62474  19.808  0.099
 2453381.62331  19.746  0.089
 2453386.63513  19.797  0.071
 2453390.63814  19.628  0.086
 2453395.74816  19.957  0.205
 2453398.61566  19.681  0.110
 2453400.60116  20.120  0.205
 2453403.60988  19.627  0.103
 2453406.53938  19.702  0.090
 2453410.56291  19.828  0.082
 2453415.53885  19.641  0.089
 2453421.60831  19.801  0.090
 2453429.56039  19.640  0.091
 2453434.54847  19.846  0.090
 2453442.52022  19.955  0.140
 2453450.52198  19.780  0.123
 2453592.88410  19.936  0.090
 2453608.89091  19.651  0.086
 2453614.87376  19.766  0.080
 2453621.90624  19.883  0.105
 2453628.88568  19.931  0.114
 2453633.75674  19.866  0.176
 2453639.76242  19.848  0.091
 2453641.75631  19.601  0.095
 2453646.81737  19.947  0.153
 2453652.86903  19.799  0.128
 2453656.80758  19.826  0.092
 2453661.74298  19.914  0.164
 2453665.74634  19.860  0.136
 2453671.71226  19.694  0.103
 2453674.83438  19.678  0.081
 2453683.75023  19.704  0.074
 2453686.79630  19.755  0.082
 2453689.71319  19.463  0.074
 2453692.63482  19.784  0.149
 2453695.70027  19.716  0.090
 2453698.65250  19.418  0.109
 2453702.78354  19.816  0.082
 2453705.68933  19.958  0.095
 2453707.65703  19.981  0.132
 2453713.62859  19.753  0.097
 2453716.70314  19.735  0.124
 2453720.64851  19.621  0.127
 2453724.70430  19.753  0.096
 2453727.61505  19.899  0.118
 2453736.62726  19.795  0.077
 2453739.60189  19.531  0.105
 2453742.65250  19.829  0.126
 2453745.74118  19.743  0.104
 2453748.60151  19.726  0.179
 2453750.62742  19.825  0.129
 2453752.58207  19.709  0.135
 2453755.59386  19.858  0.121
 2453758.59849  19.683  0.089
 2453760.73332  19.645  0.103
 2453762.61059  19.824  0.110
 2453766.59205  19.925  0.100
 2453769.59307  19.932  0.113
 2453772.61767  19.792  0.115
 2453775.58893  19.657  0.106
 2453778.58962  19.946  0.137
 2453781.60066  19.822  0.137
 2453790.54206  19.804  0.109
 2453796.58246  19.653  0.083
 2453804.51823  19.737  0.121
 2453816.52339  19.486  0.094
 2453935.91359  20.020  0.122
 2453960.86779  19.558  0.087
 2453967.89717  19.814  0.080
 2453973.89263  19.637  0.073
 2453979.87067  20.281  0.176
 2453987.82279  19.901  0.118
 2453994.87541  19.938  0.124
 2454004.75775  19.618  0.073
 2454008.71280  19.650  0.072
 2454011.87590  19.804  0.105
 2454016.88451  19.593  0.106
 2454021.83127  19.592  0.086
 2454025.84315  19.683  0.086
 2454028.75316  19.746  0.097
 2454030.82486  19.823  0.087
 2454037.72452  20.076  0.115
 2454040.71940  20.006  0.124
 2454042.73572  19.956  0.123
 2454045.83507  19.912  0.183
 2454048.69874  19.730  0.099
 2454050.77152  19.749  0.094
 2454053.74095  19.657  0.086
 2454055.69071  20.130  0.243
 2454057.66954  19.603  0.124
 2454060.60855  20.866  0.293
 2454065.62607  19.664  0.085
 2454068.64171  19.902  0.087
 2454070.63821  19.704  0.099
 2454077.65092  20.116  0.275
 2454080.63281  19.870  0.154
 2454084.66450  19.872  0.123
 2454092.74125  19.723  0.069
 2454100.80152  19.524  0.059
 2454104.70632  19.575  0.118
 2454107.64392  19.838  0.154
 2454117.60944  19.778  0.135
 2454121.61038  19.773  0.114
 2454123.58716  19.534  0.071
 2454125.69853  19.444  0.090
 2454153.52584  19.669  0.119
 2454161.56384  20.348  0.305
 2454345.83274  19.934  0.168
 2454349.89381  19.674  0.096
 2454355.80784  19.446  0.096
 2454364.77770  19.553  0.103
 2454368.87707  19.817  0.181
 2454371.74057  19.723  0.136
 2454376.75987  19.799  0.135
 2454379.76556  19.792  0.117
 2454383.77042  20.145  0.186
 2454387.86532  19.828  0.095
 2454391.87101  19.855  0.100
 2454397.74270  19.697  0.103
 2454402.82128  19.797  0.114
 2454406.77157  19.630  0.115
 2454409.84069  19.836  0.092
 2454416.70791  19.796  0.105
 2454420.82045  19.805  0.105
 2454424.84016  20.039  0.173
 2454428.81865  19.779  0.151
 2454431.74340  19.774  0.126
 2454435.71330  19.662  0.124
 2454438.83994  19.778  0.150
 2454441.81141  19.921  0.151
 2454444.65389  19.984  0.153
 2454450.66758  19.784  0.150
 2454453.65103  19.682  0.105
 2454456.65502  19.732  0.137
 2454458.63943  19.863  0.150
 2454462.65410  19.952  0.135
 2454467.63617  19.803  0.110
 2454471.62459  19.744  0.082
 2454474.80870  19.794  0.121
 2454478.66381  19.852  0.131
 2454482.68859  19.946  0.132
 2454485.67035  19.758  0.105
 2454487.66732  19.859  0.169
 2454492.72932  19.777  0.122
 2454497.66022  19.895  0.110
 2454499.68265  19.755  0.106
 2454502.60158  19.654  0.091
 2454507.57755  19.772  0.095
 2454509.57063  19.607  0.135
 2454515.53686  19.570  0.174
 2454520.52574  20.131  0.209
 2454523.54930  19.833  0.119
 2454525.52148  19.569  0.103
 2454531.51857  19.909  0.126
 2454540.51101  19.641  0.141
 2454543.60062  19.720  0.170
 2454547.50585  19.607  0.122
 2454556.50444  19.855  0.129
 2454690.86931  19.759  0.076
 2454702.88303  19.771  0.133
 2454730.89110  19.944  0.095
 2454743.80459  19.793  0.085
 2454750.81076  19.901  0.127
 2454755.82952  19.613  0.108
 2454758.86838  19.791  0.087
 2454762.72388  19.665  0.089
 2454767.86475  19.683  0.081
 2454768.70186  19.870  0.112
 2454771.74358  20.090  0.112
 2454773.83568  19.769  0.117
 2454776.77748  19.739  0.163
 2454779.74861  19.720  0.090
 2454782.86497  19.574  0.104
 2454789.84096  19.800  0.091
 2454795.67157  19.961  0.138
 2454799.66914  19.672  0.103
 2454802.67691  19.825  0.112
 2454805.62501  19.790  0.118
 2454810.64055  19.866  0.100
 2454813.63584  19.702  0.124
 2454817.65390  19.817  0.103
 2454819.64752  19.877  0.118
 2454821.68430  19.739  0.067
 2454825.70000  19.703  0.097
 2454831.74476  19.910  0.112
 2454834.66519  19.880  0.119
 2454836.67485  19.737  0.104
 2454838.66891  19.761  0.091
 2454841.66253  19.865  0.126
 2454843.66366  19.644  0.099
 2454845.67797  19.733  0.113
 2454847.69442  19.747  0.119
 2454849.68489  19.704  0.119
 2454855.67965  20.031  0.146
 2454857.65569  19.839  0.151
 2454863.60500  19.803  0.086
 2454867.62749  19.861  0.091
 2454869.56883  19.730  0.115
 2454871.60689  20.048  0.160
 2454873.60243  19.736  0.109
 2454875.53578  19.831  0.112
 2454877.59548  19.716  0.104
 2454879.59680  19.793  0.097
 2454882.59297  20.003  0.154
 2454883.68267  20.026  0.141
 2454887.54786  19.807  0.105
 2454899.63199  19.727  0.142
 2454903.58739  19.953  0.167
 2454913.54819  19.809  0.136
 2454917.53551  19.872  0.115
 2454921.53252  19.829  0.112
 2454927.52871  20.049  0.220
 2454931.53621  20.095  0.220
 2454935.50274  19.666  0.118
 2454939.50982  20.127  0.210
 2454944.52220  19.562  0.091
 2454950.50245  19.880  0.229
